70040418   70040418   29574707140756459999995853533599   9001           9300510070040418   70040418   418TFEED0000000000000000TRMBD0000000000000000TSVCD0000000000000000                                                  001R0010C0000000000000000
70040418   70040418   29599207141018109999997569164057   9001                 0070040418   70040418   418TFEEC0000000500000000TRMBC0000000500000000TSVCD0000000000000000                                                  001R0010C0000000500000000
70040418   70040418   29556807140521419999993267907251   9001                 0070040418   70040418   418TFEEC0000000250000000TRMBC0000000250000000TSVCD0000000000000000                                                  001R0010C0000000250000000
70040418   70040418   29560307140546599999999322626125   9001                 0070040418   70040418   418TFEEC0000000250000000TRMBC0000000250000000TSVCD0000000000000000                                                  001R0010C0000000250000000
70040418   70040418   29571407140738289999992157939549   9001           2706130070040418   70040418   418TFEED0000000000000000TRMBD0000000000000000TSVCD0000000000000000                                                  001R0010C0000000000000000
70040418   70040418   29581607140819559999999943619665   9001                 0070040418   70040418   418TFEEC0000000250000000TRMBC0000000250000000TSVCD0000000000000000                                                  001R0010C0000000250000000
70040418   70040418   29569107140714509999997110324408   9001                 0070040418   70040418   418TFEEC0000000250000000TRMBC0000000250000000TSVCD0000000000000000                                                  001R0010C0000000250000000
70040418   70040418   29611707141140109999995099584299   9001                 0070040418   70040418   418TFEEC0000000250000000TRMBC0000000250000000TSVCD0000000000000000                                                  001R0010C0000000250000000
70040418   70040418   29556807140521416213544006442633   9001                 0027710418   27710418   418TFEED0000000000000000TRMBD0000000000000000TSVCD0000000000000000                                                  001R0010C0000000000000000
70040418   70040418   29568107140708276213544005735979   9001           4898250027710418   27710418   418TFEED0000000500000000TRMBD0000000000000000TSVCD0000000500000000                                                  002R0010C0000000000000000S0010D0000000500000000
70040418   70040418   29560307140546596213544003735559   9001                 0027710418   27710418   418TFEED0000000000000000TRMBD0000000000000000TSVCD0000000000000000                                                  001R0010C0000000000000000
70040418   70040418   29599207141018106213543000829266   9001                 0027710418   27710418   418TFEED0000000000000000TRMBD0000000000000000TSVCD0000000000000000                                                  001R0010C0000000000000000
70040418   70040418   29569107140714506213544005096604   9001                 0027710418   27710418   418TFEED0000000000000000TRMBD0000000000000000TSVCD0000000000000000                                                  001R0010C0000000000000000
70040418   70040418   29571407140738286213544003152565   9001           2706130027710418   27710418   418TFEEC0000000875000000TRMBC0000000875000000TSVCD0000000000000000                                                  001R0010C0000000875000000
70040418   70040418   29574707140756456291350000813364   9001           9300510027710418   27710418   418TFEEC0000002500000000TRMBC0000002500000000TSVCD0000000000000000                                                  001R0010C0000002500000000
70040418   70040418   29581607140819556213545001195001   9001                 0027710418   27710418   418TFEED0000000000000000TRMBD0000000000000000TSVCD0000000000000000                                                  001R0010C0000000000000000
70040418   70040418   29611707141140106213545001149891   9001                 0027710418   27710418   418TFEED0000000000000000TRMBD0000000000000000TSVCD0000000000000000                                                  001R0010C0000000000000000
